********************************************************************************
STREME - Sensitive, Thorough, Rapid, Enriched Motif Elicitation
********************************************************************************
MEME version 5.4.1 (Release date: Sat Aug 21 19:23:23 2021 -0700)

For further information on how to interpret these results please access https://meme-suite.org/meme.
To get a copy of the MEME Suite software please access https://meme-suite.org.

********************************************************************************


********************************************************************************
REFERENCE
********************************************************************************
If you use this program in your research, please cite:

Timothy L. Bailey,
"STREME: accurate and versatile sequence motif discovery",
Bioinformatics, Mar. 24, 2021.
********************************************************************************


ALPHABET= ACGT

strands: + -

Background letter frequencies
A 0.248 C 0.252 G 0.252 T 0.248 

MOTIF 1-RCCACYAGRKGGCRSY STREME-1
letter-probability matrix: alength= 4 w= 16 nsites= 1059 E= 1.2e-028
 0.341297 0.070787 0.402683 0.185233
 0.105120 0.817813 0.027089 0.049978
 0.000037 0.999888 0.000038 0.000037
 0.887521 0.007321 0.046857 0.058301
 0.029169 0.636779 0.316327 0.017725
 0.172748 0.386036 0.046857 0.394359
 0.936421 0.009402 0.026048 0.028129
 0.003159 0.001078 0.995726 0.000037
 0.546261 0.000038 0.453664 0.000037
 0.003159 0.004199 0.489038 0.503604
 0.010442 0.000038 0.989483 0.000037
 0.018765 0.004199 0.891683 0.085352
 0.087433 0.829258 0.013563 0.069746
 0.583717 0.002119 0.398521 0.015644
 0.101999 0.479674 0.366268 0.052059
 0.106161 0.347540 0.059342 0.486957

MOTIF 2-AAAGGTCA STREME-2
letter-probability matrix: alength= 4 w= 8 nsites= 199 E= 1.3e-001
 0.765748 0.179350 0.023631 0.031272
 0.742100 0.076758 0.132637 0.048506
 0.943767 0.029551 0.015043 0.011639
 0.027750 0.002952 0.957176 0.012122
 0.001840 0.000526 0.909124 0.088510
 0.000520 0.000526 0.000526 0.998427
 0.054320 0.881104 0.000526 0.064050
 0.982735 0.001705 0.015040 0.000520

MOTIF 3-AAATAAACAAA STREME-3
letter-probability matrix: alength= 4 w= 11 nsites= 140 E= 1.4e-001
 0.864865 0.005293 0.059060 0.070782
 0.831409 0.035606 0.073663 0.059323
 0.864864 0.035606 0.075655 0.023874
 0.000420 0.087382 0.028747 0.883450
 0.824816 0.105968 0.023880 0.045336
 0.817957 0.059060 0.063928 0.059055
 0.904913 0.023879 0.012152 0.059055
 0.020100 0.834459 0.017020 0.128421
 0.869733 0.059060 0.023879 0.047328
 0.838883 0.016671 0.052201 0.092245
 0.828687 0.035606 0.059060 0.076647

MOTIF 4-CTTCCC STREME-4
letter-probability matrix: alength= 4 w= 6 nsites= 412 E= 2.0e-001
 0.022591 0.931955 0.022864 0.022591
 0.022591 0.022864 0.022864 0.931682
 0.022591 0.022864 0.022864 0.931682
 0.022591 0.931955 0.022864 0.022591
 0.022591 0.931955 0.022864 0.022591
 0.022591 0.931955 0.022864 0.022591

MOTIF 5-ATTTCACAA STREME-5
letter-probability matrix: alength= 4 w= 9 nsites= 67 E= 3.0e-001
 0.997073 0.000980 0.000980 0.000968
 0.000968 0.054985 0.087195 0.856852
 0.042572 0.005493 0.010991 0.940943
 0.027977 0.000980 0.079460 0.891584
 0.000968 0.823851 0.066196 0.108984
 0.997073 0.000980 0.000980 0.000968
 0.000968 0.985876 0.000980 0.012176
 0.943664 0.000980 0.000980 0.054377
 0.781049 0.000980 0.000980 0.216991

MOTIF 6-AGGSAGGAGGVGG STREME-6
letter-probability matrix: alength= 4 w= 13 nsites= 126 E= 3.5e-001
 0.638166 0.151630 0.186525 0.023680
 0.000417 0.000422 0.940587 0.058574
 0.000417 0.046947 0.952219 0.000417
 0.081836 0.505399 0.412347 0.000417
 0.975476 0.023685 0.000422 0.000417
 0.000417 0.000422 0.998744 0.000417
 0.000417 0.046947 0.952219 0.000417
 0.777743 0.163261 0.000422 0.058574
 0.168085 0.000422 0.831076 0.000417
 0.105099 0.186524 0.707960 0.000417
 0.417171 0.279575 0.233049 0.070205
 0.051770 0.186524 0.679870 0.081836
 0.023680 0.291207 0.684697 0.000417

MOTIF 7-AGTAAATAWY STREME-7
letter-probability matrix: alength= 4 w= 10 nsites= 168 E= 3.6e+000
 0.896488 0.000229 0.044389 0.058894
 0.193985 0.113187 0.678019 0.014809
 0.000226 0.098498 0.050698 0.850578
 0.883482 0.050842 0.000229 0.065447
 0.993008 0.006537 0.000229 0.000226
 0.669103 0.115330 0.141780 0.073786
 0.012843 0.009948 0.000229 0.976980
 0.864930 0.000229 0.128306 0.006535
 0.330488 0.063459 0.132371 0.473682
 0.009153 0.398952 0.091312 0.500582

MOTIF 8-CCTGTAATCCCAGCTRCTY STREME-8
letter-probability matrix: alength= 4 w= 19 nsites= 28 E= 4.5e+000
 0.001371 0.842873 0.116136 0.039620
 0.001371 0.957621 0.001388 0.039620
 0.077870 0.001388 0.001388 0.919355
 0.001371 0.001388 0.995870 0.001371
 0.039620 0.001388 0.039637 0.919355
 0.919355 0.001388 0.077886 0.001371
 0.613360 0.077886 0.269133 0.039620
 0.039620 0.001388 0.001388 0.957604
 0.001371 0.919372 0.039637 0.039620
 0.039620 0.804624 0.001388 0.154368
 0.001371 0.881122 0.001388 0.116119
 0.881106 0.001388 0.039637 0.077870
 0.039620 0.039637 0.881122 0.039620
 0.077870 0.728125 0.116136 0.077870
 0.192618 0.001388 0.116136 0.689859
 0.460363 0.192634 0.345632 0.001371
 0.077870 0.651626 0.039637 0.230867
 0.039620 0.116136 0.001388 0.842856
 0.039620 0.536878 0.077886 0.345615

MOTIF 9-CCTCACCCAA STREME-9
letter-probability matrix: alength= 4 w= 10 nsites= 44 E= 4.5e+000
 0.000985 0.914592 0.083438 0.000985
 0.055946 0.848225 0.000997 0.094832
 0.000985 0.028479 0.028477 0.942059
 0.000985 0.969553 0.000997 0.028465
 0.848211 0.122327 0.028477 0.000985
 0.000985 0.930663 0.067366 0.000985
 0.055946 0.942072 0.000997 0.000985
 0.028465 0.887112 0.055958 0.028465
 0.722218 0.110918 0.138398 0.028465
 0.887100 0.000997 0.110918 0.000985

********************************************************************************
Stopped because 3 consecutive motifs exceeded the p-value threshold (0.05).
********************************************************************************
COMMAND:	streme --verbosity 1 --oc meme_chip_out/streme_out -dna --p meme_chip_out/seqs-centered --minw 6 --maxw 20 --order 2
********************************************************************************
CPU:		r400.ib.bridges2.psc.edu
********************************************************************************
FINALTIME:	64.00 seconds
********************************************************************************
